$ANSIBLE_VAULT;1.1;AES256
35376161343632306336646566346364623266383061633932333766353661303732383933656636
6561313931663038656164346135353563663739643736610a666331616131353361323763333765
64363635626461346138343738353136383235356637653130376532353764303730613734393361
6662653964636238370a656139383166333532636636336465653737343466313636643064613336
64656333376631616530663264376531316132643539376235653563366639613330623638333265
64383565626438376531643136356434353036343365356335656430393938636334396464353066
33303533643365376237656162646132353966393962616431653436373265373666616135643261
38373436346361356132336638623961356337376536636662623264353565656430613365663834
34306435633362613963393966383136356431303236613237343662623862373461393832373436
31646661383864326663336131653864653137373435373134363436356466393837383161303434
63663530386664366133623031376238366136326364643162643134303465373165626630353835
30303637626634383935633034623863343333613030616563393265313163643430393330383961
63383062626562383730653233303132616133396437383936636166316232656636663066636437
30633237386236653139343637666438626363373436333938666135326561313736363232313166
61386565316365623035623831646430386166366533653638313136303163643661643431623436
64343465633731613433393738646361343963653739333239656561636139623330353233323135
30616231383330353735656538663836643839316132363165666532306638313661383139343933
65616161653461626535386133383264313937393664383733346566633061616436643962353563
35643062373666623930353466393331383034383063613264366261393364343562373538616530
36646331633566396565663836636366326430663864353666326531633238653161613562636135
61316137303837326532346265636634653430346461616262376633333434323264376361613361
65666561353637323634363432326135393231366332613237626665373362353161366166336563
37363638656531316265323763346630376263383036633535626430373436653562623666623162
61343562663930353932383463633761353765303566633765366563396430323038363430373933
34623630386539626466666361386338663562353764623730646638653338383031306262613635
65353963666535316638656530323933653436323037303634303133333536316131336136306436
37373839356336383039323033326264626532636537626537656330383965303338623364336462
63306337333635336237
