$ANSIBLE_VAULT;1.1;AES256
39323763623432333963636561613264333832633364343933373939663266363261323466373266
3739643634636231366663616536356533663437343066300a653861643366343834643161646339
61653865306238333962643632366238396536636135386435366366343565623331646530353934
3636363236366436380a356436393035633664626162613333356437616565666364373262323330
63376464393264323834336161393463383738363534323135643335363136386634333430383933
37643233653639326239323636303234313364633531643036343764363438336131383233356339
62616334353031633665376638323137333536323635626464646136613436663534326561646366
61303331376330393639343162613236613235343239356662326434626434653433306131363264
37356365316233643263613831633836623362363165376365313331313833376136306132353866
36323266623965363364346564333834343231303265333063356338396161383534333436376265
33616331363566316561333665326664653737396639326463666232393166663964663463613338
66336438323630323737343336393936626262386462666630356633666535366233303033393136
38303930613663663030383663303966333465303139663362653562346361316638306235313430
3737323862396265346166633837373233663337346232376434
