$ANSIBLE_VAULT;1.1;AES256
36333333386164363039353461616532666666383761356334356533313564623931366164316532
6637373262316538393862643838663362643866666464650a303835373335656430356461663166
65373662336339663063616130363633383036313831613331386438323430343866386632613934
3237313033666639330a623931356161343466346464653135336631316134653939656433383639
38666365323731366238643462363234303165343862316566396462366361633439666666663136
35636563313861306632646539366534626662376238386331326663336532623631373430646362
64366566663132653533353065646131643932316232646561323761633164343565353963363336
63353130373034386232623639336361336134373733653935653165613763376136353162623135
36653533633731376132323338376234373135376130653837303135323261333334316533643639
66393361333964343663666133326132333663303861636338623431316564326438653263303935
66333934623835633166333734663164373064343663613063666531363662616334653637393233
34646535633339336431
