$ANSIBLE_VAULT;1.1;AES256
61656534656631303665376138363632353965613335623666343361393438633265383164323462
3333393961663532636634626364646335356236306639300a386138353666376464333835313531
34613638306532396233313966636636396338303034663431363738613666653266373165643736
6633373438656231630a393834616138653463373063316139346263313639363936346132323033
35343232316139306434363865356537643165613236616663306134326138393035646263653930
63373237353934393534313566646565666439336135653065363833646165346663373830656336
32643964643631643363646163323162633537346163643233663937656566383636363434626364
37393433356132306335343033306565333964303662356332613937383538333063663635303638
66383937323763313634376630383462346638353835336361613637363130363633313562663533
36366266396264666539376633386231303731386532306439363863343961643035393466633839
65313165383137323465656261663564346265626433333639626131373034316461623263376165
66383631376539326637306262616365383231396461343662303265356562313931643336626262
31616466356666376265306263346262393963646131373234613461633361396634643365653464
39356663633137353364376538386333656438343637633033653137613637323231323734373635
38653661336433633031363864303261393464303237623335393637313738633366383031643239
39666463656533386233376462353462373464376330633533356534386464613663646164366662
31353131643432336562666131316238363265303735326663633837323764343235633837303761
63636630626138333531663562656638313764646262356363653230613136353439613838623864
31383331363364663731376263383035366362663163633536633839303732633132626232636635
65373137313665616435643564336333373730626436386362326134346234373237663434373435
64663536333865383765363131336265626235623030626335366632666231353063383234333862
36313464326566373034326330613534333430636161336338366336393637623362386139366161
34626438373931393239353065373865383362383365636633323164316332353231623864663665
61353230326232336332633966373939616637616437643463643932663438316265353336643339
31666132653465303134656335393137353338316336333237356164326265396461613266303566
35623635303034323530363334666631366233396233346234623630636564303034336661633531
63623236656231393839336636646432316461386537623234663362303862363838663633323037
62316139643262653333
